5
5
3
25	25	25	25	25	
10
10
8	10	12	
0	0	0	
3.74	2.93	2.77	2.68	1.91	
93	144	136	55	66	
74	104	72	115	109	
89	148	68	99	54	
103	93	51	133	74	
143	75	50	71	97	
200	200	200	200	200	
20	20	20	20	20	
1.6	1.6	1.6	1.6	1.6	
1.1	1.1	1.1	1.1	1.1	
10	10	10	10	10	
10	10	10	10	10	
10	10	10	10	10	
1.87	1.87	1.87	1.87	1.87	
1.465	1.465	1.465	1.465	1.465	
1.385	1.385	1.385	1.385	1.385	
1.34	1.34	1.34	1.34	1.34	
0.955	0.955	0.955	0.955	0.955	
0.935	0.935	0.935	0.935	0.935	
0.7325	0.7325	0.7325	0.7325	0.7325	
0.6925	0.6925	0.6925	0.6925	0.6925	
0.67	0.67	0.67	0.67	0.67	
0.4775	0.4775	0.4775	0.4775	0.4775	
