5
5
8
22	22	22	22	22	
10
10
8	10	12	14	16	18	20	22	
0	0	0	0	0	0	0	0	
3.32	3.11	2.83	2.04	1.74	
136	79	52	64	81	
65	67	109	82	116	
84	125	54	136	115	
132	96	128	101	136	
109	140	81	83	107	
200	200	200	200	200	
20	20	20	20	20	
1.6	1.6	1.6	1.6	1.6	
1.1	1.1	1.1	1.1	1.1	
10	10	10	10	10	
10	10	10	10	10	
10	10	10	10	10	
10	10	10	10	10	
10	10	10	10	10	
10	10	10	10	10	
10	10	10	10	10	
10	10	10	10	10	
1.66	1.66	1.66	1.66	1.66	
1.555	1.555	1.555	1.555	1.555	
1.415	1.415	1.415	1.415	1.415	
1.02	1.02	1.02	1.02	1.02	
0.87	0.87	0.87	0.87	0.87	
0.83	0.83	0.83	0.83	0.83	
0.7775	0.7775	0.7775	0.7775	0.7775	
0.7075	0.7075	0.7075	0.7075	0.7075	
0.51	0.51	0.51	0.51	0.51	
0.435	0.435	0.435	0.435	0.435	
