5
10
5
26	26	26	26	26	26	26	26	26	26	
10
10
8	10	12	14	16	
0	0	0	0	0	
3.88	3.22	2.31	2.23	2.21	
106	58	140	117	115	140	106	116	96	148	
149	51	65	134	100	109	79	88	52	134	
102	146	88	120	101	93	147	148	95	50	
117	126	71	88	120	62	103	112	148	136	
99	125	56	58	123	85	63	52	107	111	
200	200	200	200	200	200	200	200	200	200	
20	20	20	20	20	20	20	20	20	20	
1.6	1.6	1.6	1.6	1.6	1.6	1.6	1.6	1.6	1.6	
1.1	1.1	1.1	1.1	1.1	1.1	1.1	1.1	1.1	1.1	
10	10	10	10	10	10	10	10	10	10	
10	10	10	10	10	10	10	10	10	10	
10	10	10	10	10	10	10	10	10	10	
10	10	10	10	10	10	10	10	10	10	
10	10	10	10	10	10	10	10	10	10	
1.94	1.94	1.94	1.94	1.94	1.94	1.94	1.94	1.94	1.94	
1.61	1.61	1.61	1.61	1.61	1.61	1.61	1.61	1.61	1.61	
1.155	1.155	1.155	1.155	1.155	1.155	1.155	1.155	1.155	1.155	
1.115	1.115	1.115	1.115	1.115	1.115	1.115	1.115	1.115	1.115	
1.105	1.105	1.105	1.105	1.105	1.105	1.105	1.105	1.105	1.105	
0.97	0.97	0.97	0.97	0.97	0.97	0.97	0.97	0.97	0.97	
0.805	0.805	0.805	0.805	0.805	0.805	0.805	0.805	0.805	0.805	
0.5775	0.5775	0.5775	0.5775	0.5775	0.5775	0.5775	0.5775	0.5775	0.5775	
0.5575	0.5575	0.5575	0.5575	0.5575	0.5575	0.5575	0.5575	0.5575	0.5575	
0.5525	0.5525	0.5525	0.5525	0.5525	0.5525	0.5525	0.5525	0.5525	0.5525	
