5
10
8
18	18	18	18	18	18	18	18	18	18	
10
10
8	10	12	14	16	18	20	22	
0	0	0	0	0	0	0	0	
2.66	2.34	1.67	1.23	0.74	
149	125	55	58	130	130	102	84	131	88	
144	128	50	70	129	139	81	134	121	128	
135	111	120	64	111	110	124	101	57	114	
86	127	138	139	53	91	70	111	143	76	
148	84	64	104	110	100	116	138	65	125	
200	200	200	200	200	200	200	200	200	200	
20	20	20	20	20	20	20	20	20	20	
1.6	1.6	1.6	1.6	1.6	1.6	1.6	1.6	1.6	1.6	
1.1	1.1	1.1	1.1	1.1	1.1	1.1	1.1	1.1	1.1	
10	10	10	10	10	10	10	10	10	10	
10	10	10	10	10	10	10	10	10	10	
10	10	10	10	10	10	10	10	10	10	
10	10	10	10	10	10	10	10	10	10	
10	10	10	10	10	10	10	10	10	10	
10	10	10	10	10	10	10	10	10	10	
10	10	10	10	10	10	10	10	10	10	
10	10	10	10	10	10	10	10	10	10	
1.33	1.33	1.33	1.33	1.33	1.33	1.33	1.33	1.33	1.33	
1.17	1.17	1.17	1.17	1.17	1.17	1.17	1.17	1.17	1.17	
0.835	0.835	0.835	0.835	0.835	0.835	0.835	0.835	0.835	0.835	
0.615	0.615	0.615	0.615	0.615	0.615	0.615	0.615	0.615	0.615	
0.37	0.37	0.37	0.37	0.37	0.37	0.37	0.37	0.37	0.37	
0.665	0.665	0.665	0.665	0.665	0.665	0.665	0.665	0.665	0.665	
0.585	0.585	0.585	0.585	0.585	0.585	0.585	0.585	0.585	0.585	
0.4175	0.4175	0.4175	0.4175	0.4175	0.4175	0.4175	0.4175	0.4175	0.4175	
0.3075	0.3075	0.3075	0.3075	0.3075	0.3075	0.3075	0.3075	0.3075	0.3075	
0.185	0.185	0.185	0.185	0.185	0.185	0.185	0.185	0.185	0.185	
