5
10
8
23	23	23	23	23	23	23	23	23	23	
10
10
8	10	12	14	16	18	20	22	
0	0	0	0	0	0	0	0	
3.98	3.1	2.07	1.8	1.76	
63	91	124	108	101	117	111	79	129	141	
54	75	79	66	139	80	77	143	116	71	
68	80	57	108	92	75	101	127	102	86	
148	92	136	138	119	65	137	82	52	128	
117	67	80	113	135	70	110	99	118	97	
200	200	200	200	200	200	200	200	200	200	
20	20	20	20	20	20	20	20	20	20	
1.6	1.6	1.6	1.6	1.6	1.6	1.6	1.6	1.6	1.6	
1.1	1.1	1.1	1.1	1.1	1.1	1.1	1.1	1.1	1.1	
10	10	10	10	10	10	10	10	10	10	
10	10	10	10	10	10	10	10	10	10	
10	10	10	10	10	10	10	10	10	10	
10	10	10	10	10	10	10	10	10	10	
10	10	10	10	10	10	10	10	10	10	
10	10	10	10	10	10	10	10	10	10	
10	10	10	10	10	10	10	10	10	10	
10	10	10	10	10	10	10	10	10	10	
1.99	1.99	1.99	1.99	1.99	1.99	1.99	1.99	1.99	1.99	
1.55	1.55	1.55	1.55	1.55	1.55	1.55	1.55	1.55	1.55	
1.035	1.035	1.035	1.035	1.035	1.035	1.035	1.035	1.035	1.035	
0.9	0.9	0.9	0.9	0.9	0.9	0.9	0.9	0.9	0.9	
0.88	0.88	0.88	0.88	0.88	0.88	0.88	0.88	0.88	0.88	
0.995	0.995	0.995	0.995	0.995	0.995	0.995	0.995	0.995	0.995	
0.775	0.775	0.775	0.775	0.775	0.775	0.775	0.775	0.775	0.775	
0.5175	0.5175	0.5175	0.5175	0.5175	0.5175	0.5175	0.5175	0.5175	0.5175	
0.45	0.45	0.45	0.45	0.45	0.45	0.45	0.45	0.45	0.45	
0.44	0.44	0.44	0.44	0.44	0.44	0.44	0.44	0.44	0.44	
