5
10
8
22	22	22	22	22	22	22	22	22	22	
10
10
8	10	12	14	16	18	20	22	
0	0	0	0	0	0	0	0	
3.33	2.79	1.94	1.69	1.36	
120	56	109	67	118	127	148	111	93	133	
59	98	93	130	110	50	106	98	148	77	
134	115	125	64	82	90	123	75	140	54	
79	59	101	87	86	136	138	83	57	88	
136	109	72	67	148	123	125	113	60	50	
200	200	200	200	200	200	200	200	200	200	
20	20	20	20	20	20	20	20	20	20	
1.6	1.6	1.6	1.6	1.6	1.6	1.6	1.6	1.6	1.6	
1.1	1.1	1.1	1.1	1.1	1.1	1.1	1.1	1.1	1.1	
10	10	10	10	10	10	10	10	10	10	
10	10	10	10	10	10	10	10	10	10	
10	10	10	10	10	10	10	10	10	10	
10	10	10	10	10	10	10	10	10	10	
10	10	10	10	10	10	10	10	10	10	
10	10	10	10	10	10	10	10	10	10	
10	10	10	10	10	10	10	10	10	10	
10	10	10	10	10	10	10	10	10	10	
1.665	1.665	1.665	1.665	1.665	1.665	1.665	1.665	1.665	1.665	
1.395	1.395	1.395	1.395	1.395	1.395	1.395	1.395	1.395	1.395	
0.97	0.97	0.97	0.97	0.97	0.97	0.97	0.97	0.97	0.97	
0.845	0.845	0.845	0.845	0.845	0.845	0.845	0.845	0.845	0.845	
0.68	0.68	0.68	0.68	0.68	0.68	0.68	0.68	0.68	0.68	
0.8325	0.8325	0.8325	0.8325	0.8325	0.8325	0.8325	0.8325	0.8325	0.8325	
0.6975	0.6975	0.6975	0.6975	0.6975	0.6975	0.6975	0.6975	0.6975	0.6975	
0.485	0.485	0.485	0.485	0.485	0.485	0.485	0.485	0.485	0.485	
0.4225	0.4225	0.4225	0.4225	0.4225	0.4225	0.4225	0.4225	0.4225	0.4225	
0.34	0.34	0.34	0.34	0.34	0.34	0.34	0.34	0.34	0.34	
