5
15
3
17	17	17	17	17	17	17	17	17	17	17	17	17	17	17	
10
10
8	10	12	
0	0	0	
3.03	2.24	1.63	1.18	0.75	
133	71	113	60	67	92	50	87	142	73	87	101	90	65	125	
125	92	135	99	69	60	54	64	113	118	94	115	79	115	112	
92	81	84	67	147	132	136	112	95	112	146	55	56	65	125	
103	103	68	59	60	137	100	100	147	119	74	135	137	70	114	
53	75	123	77	73	86	56	60	76	115	51	115	110	113	106	
200	200	200	200	200	200	200	200	200	200	200	200	200	200	200	
20	20	20	20	20	20	20	20	20	20	20	20	20	20	20	
1.6	1.6	1.6	1.6	1.6	1.6	1.6	1.6	1.6	1.6	1.6	1.6	1.6	1.6	1.6	
1.1	1.1	1.1	1.1	1.1	1.1	1.1	1.1	1.1	1.1	1.1	1.1	1.1	1.1	1.1	
10	10	10	10	10	10	10	10	10	10	10	10	10	10	10	
10	10	10	10	10	10	10	10	10	10	10	10	10	10	10	
10	10	10	10	10	10	10	10	10	10	10	10	10	10	10	
1.515	1.515	1.515	1.515	1.515	1.515	1.515	1.515	1.515	1.515	1.515	1.515	1.515	1.515	1.515	
1.12	1.12	1.12	1.12	1.12	1.12	1.12	1.12	1.12	1.12	1.12	1.12	1.12	1.12	1.12	
0.815	0.815	0.815	0.815	0.815	0.815	0.815	0.815	0.815	0.815	0.815	0.815	0.815	0.815	0.815	
0.59	0.59	0.59	0.59	0.59	0.59	0.59	0.59	0.59	0.59	0.59	0.59	0.59	0.59	0.59	
0.375	0.375	0.375	0.375	0.375	0.375	0.375	0.375	0.375	0.375	0.375	0.375	0.375	0.375	0.375	
0.7575	0.7575	0.7575	0.7575	0.7575	0.7575	0.7575	0.7575	0.7575	0.7575	0.7575	0.7575	0.7575	0.7575	0.7575	
0.56	0.56	0.56	0.56	0.56	0.56	0.56	0.56	0.56	0.56	0.56	0.56	0.56	0.56	0.56	
0.4075	0.4075	0.4075	0.4075	0.4075	0.4075	0.4075	0.4075	0.4075	0.4075	0.4075	0.4075	0.4075	0.4075	0.4075	
0.295	0.295	0.295	0.295	0.295	0.295	0.295	0.295	0.295	0.295	0.295	0.295	0.295	0.295	0.295	
0.1875	0.1875	0.1875	0.1875	0.1875	0.1875	0.1875	0.1875	0.1875	0.1875	0.1875	0.1875	0.1875	0.1875	0.1875	
