5
15
3
25	25	25	25	25	25	25	25	25	25	25	25	25	25	25	
10
10
8	10	12	
0	0	0	
3.88	3.84	2.33	2.11	1.05	
90	136	97	119	53	69	55	118	107	65	92	125	136	97	96	
95	89	90	131	74	126	89	64	101	109	108	138	58	53	148	
123	148	149	117	146	135	69	81	99	104	97	97	148	119	105	
88	50	82	101	146	68	116	122	68	60	121	121	52	108	108	
102	95	78	106	75	81	138	149	54	57	84	109	60	114	106	
200	200	200	200	200	200	200	200	200	200	200	200	200	200	200	
20	20	20	20	20	20	20	20	20	20	20	20	20	20	20	
1.6	1.6	1.6	1.6	1.6	1.6	1.6	1.6	1.6	1.6	1.6	1.6	1.6	1.6	1.6	
1.1	1.1	1.1	1.1	1.1	1.1	1.1	1.1	1.1	1.1	1.1	1.1	1.1	1.1	1.1	
10	10	10	10	10	10	10	10	10	10	10	10	10	10	10	
10	10	10	10	10	10	10	10	10	10	10	10	10	10	10	
10	10	10	10	10	10	10	10	10	10	10	10	10	10	10	
1.94	1.94	1.94	1.94	1.94	1.94	1.94	1.94	1.94	1.94	1.94	1.94	1.94	1.94	1.94	
1.92	1.92	1.92	1.92	1.92	1.92	1.92	1.92	1.92	1.92	1.92	1.92	1.92	1.92	1.92	
1.165	1.165	1.165	1.165	1.165	1.165	1.165	1.165	1.165	1.165	1.165	1.165	1.165	1.165	1.165	
1.055	1.055	1.055	1.055	1.055	1.055	1.055	1.055	1.055	1.055	1.055	1.055	1.055	1.055	1.055	
0.525	0.525	0.525	0.525	0.525	0.525	0.525	0.525	0.525	0.525	0.525	0.525	0.525	0.525	0.525	
0.97	0.97	0.97	0.97	0.97	0.97	0.97	0.97	0.97	0.97	0.97	0.97	0.97	0.97	0.97	
0.96	0.96	0.96	0.96	0.96	0.96	0.96	0.96	0.96	0.96	0.96	0.96	0.96	0.96	0.96	
0.5825	0.5825	0.5825	0.5825	0.5825	0.5825	0.5825	0.5825	0.5825	0.5825	0.5825	0.5825	0.5825	0.5825	0.5825	
0.5275	0.5275	0.5275	0.5275	0.5275	0.5275	0.5275	0.5275	0.5275	0.5275	0.5275	0.5275	0.5275	0.5275	0.5275	
0.2625	0.2625	0.2625	0.2625	0.2625	0.2625	0.2625	0.2625	0.2625	0.2625	0.2625	0.2625	0.2625	0.2625	0.2625	
