5
15
8
25	25	25	25	25	25	25	25	25	25	25	25	25	25	25	
10
10
8	10	12	14	16	18	20	22	
0	0	0	0	0	0	0	0	
3.35	3.01	2.92	2.75	1.84	
104	134	66	69	55	56	96	113	104	117	102	139	65	125	138	
136	85	67	126	117	59	58	101	146	90	73	115	85	98	120	
85	114	147	116	112	77	104	52	108	57	134	81	64	128	130	
127	112	143	53	85	98	148	135	75	105	116	123	113	115	58	
136	67	121	129	146	71	136	125	143	106	50	129	96	51	105	
200	200	200	200	200	200	200	200	200	200	200	200	200	200	200	
20	20	20	20	20	20	20	20	20	20	20	20	20	20	20	
1.6	1.6	1.6	1.6	1.6	1.6	1.6	1.6	1.6	1.6	1.6	1.6	1.6	1.6	1.6	
1.1	1.1	1.1	1.1	1.1	1.1	1.1	1.1	1.1	1.1	1.1	1.1	1.1	1.1	1.1	
10	10	10	10	10	10	10	10	10	10	10	10	10	10	10	
10	10	10	10	10	10	10	10	10	10	10	10	10	10	10	
10	10	10	10	10	10	10	10	10	10	10	10	10	10	10	
10	10	10	10	10	10	10	10	10	10	10	10	10	10	10	
10	10	10	10	10	10	10	10	10	10	10	10	10	10	10	
10	10	10	10	10	10	10	10	10	10	10	10	10	10	10	
10	10	10	10	10	10	10	10	10	10	10	10	10	10	10	
10	10	10	10	10	10	10	10	10	10	10	10	10	10	10	
1.675	1.675	1.675	1.675	1.675	1.675	1.675	1.675	1.675	1.675	1.675	1.675	1.675	1.675	1.675	
1.505	1.505	1.505	1.505	1.505	1.505	1.505	1.505	1.505	1.505	1.505	1.505	1.505	1.505	1.505	
1.46	1.46	1.46	1.46	1.46	1.46	1.46	1.46	1.46	1.46	1.46	1.46	1.46	1.46	1.46	
1.375	1.375	1.375	1.375	1.375	1.375	1.375	1.375	1.375	1.375	1.375	1.375	1.375	1.375	1.375	
0.92	0.92	0.92	0.92	0.92	0.92	0.92	0.92	0.92	0.92	0.92	0.92	0.92	0.92	0.92	
0.8375	0.8375	0.8375	0.8375	0.8375	0.8375	0.8375	0.8375	0.8375	0.8375	0.8375	0.8375	0.8375	0.8375	0.8375	
0.7525	0.7525	0.7525	0.7525	0.7525	0.7525	0.7525	0.7525	0.7525	0.7525	0.7525	0.7525	0.7525	0.7525	0.7525	
0.73	0.73	0.73	0.73	0.73	0.73	0.73	0.73	0.73	0.73	0.73	0.73	0.73	0.73	0.73	
0.6875	0.6875	0.6875	0.6875	0.6875	0.6875	0.6875	0.6875	0.6875	0.6875	0.6875	0.6875	0.6875	0.6875	0.6875	
0.46	0.46	0.46	0.46	0.46	0.46	0.46	0.46	0.46	0.46	0.46	0.46	0.46	0.46	0.46	
