5
15
8
23	23	23	23	23	23	23	23	23	23	23	23	23	23	23	
10
10
8	10	12	14	16	18	20	22	
0	0	0	0	0	0	0	0	
3.94	3.45	1.97	1.78	0.92	
147	69	82	110	138	79	92	82	140	125	97	116	51	61	67	
66	87	113	62	112	93	124	133	57	99	91	92	106	59	84	
54	115	82	66	145	106	103	83	104	65	116	139	72	74	118	
74	65	97	143	99	67	132	145	121	133	69	106	98	145	133	
119	115	66	67	145	76	53	137	64	132	117	135	78	83	105	
200	200	200	200	200	200	200	200	200	200	200	200	200	200	200	
20	20	20	20	20	20	20	20	20	20	20	20	20	20	20	
1.6	1.6	1.6	1.6	1.6	1.6	1.6	1.6	1.6	1.6	1.6	1.6	1.6	1.6	1.6	
1.1	1.1	1.1	1.1	1.1	1.1	1.1	1.1	1.1	1.1	1.1	1.1	1.1	1.1	1.1	
10	10	10	10	10	10	10	10	10	10	10	10	10	10	10	
10	10	10	10	10	10	10	10	10	10	10	10	10	10	10	
10	10	10	10	10	10	10	10	10	10	10	10	10	10	10	
10	10	10	10	10	10	10	10	10	10	10	10	10	10	10	
10	10	10	10	10	10	10	10	10	10	10	10	10	10	10	
10	10	10	10	10	10	10	10	10	10	10	10	10	10	10	
10	10	10	10	10	10	10	10	10	10	10	10	10	10	10	
10	10	10	10	10	10	10	10	10	10	10	10	10	10	10	
1.97	1.97	1.97	1.97	1.97	1.97	1.97	1.97	1.97	1.97	1.97	1.97	1.97	1.97	1.97	
1.725	1.725	1.725	1.725	1.725	1.725	1.725	1.725	1.725	1.725	1.725	1.725	1.725	1.725	1.725	
0.985	0.985	0.985	0.985	0.985	0.985	0.985	0.985	0.985	0.985	0.985	0.985	0.985	0.985	0.985	
0.89	0.89	0.89	0.89	0.89	0.89	0.89	0.89	0.89	0.89	0.89	0.89	0.89	0.89	0.89	
0.46	0.46	0.46	0.46	0.46	0.46	0.46	0.46	0.46	0.46	0.46	0.46	0.46	0.46	0.46	
0.985	0.985	0.985	0.985	0.985	0.985	0.985	0.985	0.985	0.985	0.985	0.985	0.985	0.985	0.985	
0.8625	0.8625	0.8625	0.8625	0.8625	0.8625	0.8625	0.8625	0.8625	0.8625	0.8625	0.8625	0.8625	0.8625	0.8625	
0.4925	0.4925	0.4925	0.4925	0.4925	0.4925	0.4925	0.4925	0.4925	0.4925	0.4925	0.4925	0.4925	0.4925	0.4925	
0.445	0.445	0.445	0.445	0.445	0.445	0.445	0.445	0.445	0.445	0.445	0.445	0.445	0.445	0.445	
0.23	0.23	0.23	0.23	0.23	0.23	0.23	0.23	0.23	0.23	0.23	0.23	0.23	0.23	0.23	
