10
5
3
27	27	27	27	27	
10
10
8	10	12	
0	0	0	
3.6	2.4	2.14	1.59	1.38	1.33	1.28	1.14	0.99	0.77	
121	99	89	53	57	
62	143	61	60	53	
111	70	105	145	109	
117	129	140	94	94	
109	107	89	104	110	
99	104	130	96	73	
106	134	81	78	149	
145	126	116	93	107	
139	58	97	53	63	
78	110	88	98	73	
200	200	200	200	200	
20	20	20	20	20	
1.6	1.6	1.6	1.6	1.6	
1.1	1.1	1.1	1.1	1.1	
10	10	10	10	10	
10	10	10	10	10	
10	10	10	10	10	
1.8	1.8	1.8	1.8	1.8	
1.2	1.2	1.2	1.2	1.2	
1.07	1.07	1.07	1.07	1.07	
0.795	0.795	0.795	0.795	0.795	
0.69	0.69	0.69	0.69	0.69	
0.665	0.665	0.665	0.665	0.665	
0.64	0.64	0.64	0.64	0.64	
0.57	0.57	0.57	0.57	0.57	
0.495	0.495	0.495	0.495	0.495	
0.385	0.385	0.385	0.385	0.385	
0.9	0.9	0.9	0.9	0.9	
0.6	0.6	0.6	0.6	0.6	
0.535	0.535	0.535	0.535	0.535	
0.3975	0.3975	0.3975	0.3975	0.3975	
0.345	0.345	0.345	0.345	0.345	
0.3325	0.3325	0.3325	0.3325	0.3325	
0.32	0.32	0.32	0.32	0.32	
0.285	0.285	0.285	0.285	0.285	
0.2475	0.2475	0.2475	0.2475	0.2475	
0.1925	0.1925	0.1925	0.1925	0.1925	
