10
5
8
38	38	38	38	38	
10
10
8	10	12	14	16	18	20	22	
0	0	0	0	0	0	0	0	
3.81	3.02	2.77	2.53	2.27	2.15	1.72	1.49	1.32	0.82	
144	94	126	121	97	
57	51	147	96	82	
72	73	50	113	72	
51	95	72	138	103	
95	52	142	66	142	
68	137	65	146	106	
103	101	112	73	89	
126	85	124	139	95	
53	143	83	142	109	
147	95	65	144	101	
200	200	200	200	200	
20	20	20	20	20	
1.6	1.6	1.6	1.6	1.6	
1.1	1.1	1.1	1.1	1.1	
10	10	10	10	10	
10	10	10	10	10	
10	10	10	10	10	
10	10	10	10	10	
10	10	10	10	10	
10	10	10	10	10	
10	10	10	10	10	
10	10	10	10	10	
1.905	1.905	1.905	1.905	1.905	
1.51	1.51	1.51	1.51	1.51	
1.385	1.385	1.385	1.385	1.385	
1.265	1.265	1.265	1.265	1.265	
1.135	1.135	1.135	1.135	1.135	
1.075	1.075	1.075	1.075	1.075	
0.86	0.86	0.86	0.86	0.86	
0.745	0.745	0.745	0.745	0.745	
0.66	0.66	0.66	0.66	0.66	
0.41	0.41	0.41	0.41	0.41	
0.9525	0.9525	0.9525	0.9525	0.9525	
0.755	0.755	0.755	0.755	0.755	
0.6925	0.6925	0.6925	0.6925	0.6925	
0.6325	0.6325	0.6325	0.6325	0.6325	
0.5675	0.5675	0.5675	0.5675	0.5675	
0.5375	0.5375	0.5375	0.5375	0.5375	
0.43	0.43	0.43	0.43	0.43	
0.3725	0.3725	0.3725	0.3725	0.3725	
0.33	0.33	0.33	0.33	0.33	
0.205	0.205	0.205	0.205	0.205	
