10
15
5
52	52	52	52	52	52	52	52	52	52	52	52	52	52	52	
10
10
8	10	12	14	16	
0	0	0	0	0	
3.79	3.72	3.58	3.37	3.35	3.12	2.69	2.34	2.21	1.2	
148	82	67	145	113	65	119	129	57	63	103	66	112	143	110	
69	144	55	124	138	129	90	136	68	66	119	149	60	104	60	
144	98	111	67	109	54	144	60	120	99	122	124	82	78	75	
67	84	97	104	96	145	100	91	89	59	123	121	117	108	101	
96	62	114	121	147	74	124	119	80	106	86	62	57	121	79	
67	110	50	94	136	145	51	128	66	107	108	111	96	131	107	
74	97	96	102	139	108	103	84	136	58	134	95	107	51	127	
54	80	64	124	97	100	96	135	105	111	74	100	66	54	131	
131	114	135	81	67	71	72	90	72	116	138	121	73	80	117	
82	135	103	139	100	78	118	147	136	85	117	104	59	120	115	
200	200	200	200	200	200	200	200	200	200	200	200	200	200	200	
20	20	20	20	20	20	20	20	20	20	20	20	20	20	20	
1.6	1.6	1.6	1.6	1.6	1.6	1.6	1.6	1.6	1.6	1.6	1.6	1.6	1.6	1.6	
1.1	1.1	1.1	1.1	1.1	1.1	1.1	1.1	1.1	1.1	1.1	1.1	1.1	1.1	1.1	
10	10	10	10	10	10	10	10	10	10	10	10	10	10	10	
10	10	10	10	10	10	10	10	10	10	10	10	10	10	10	
10	10	10	10	10	10	10	10	10	10	10	10	10	10	10	
10	10	10	10	10	10	10	10	10	10	10	10	10	10	10	
10	10	10	10	10	10	10	10	10	10	10	10	10	10	10	
1.895	1.895	1.895	1.895	1.895	1.895	1.895	1.895	1.895	1.895	1.895	1.895	1.895	1.895	1.895	
1.86	1.86	1.86	1.86	1.86	1.86	1.86	1.86	1.86	1.86	1.86	1.86	1.86	1.86	1.86	
1.79	1.79	1.79	1.79	1.79	1.79	1.79	1.79	1.79	1.79	1.79	1.79	1.79	1.79	1.79	
1.685	1.685	1.685	1.685	1.685	1.685	1.685	1.685	1.685	1.685	1.685	1.685	1.685	1.685	1.685	
1.675	1.675	1.675	1.675	1.675	1.675	1.675	1.675	1.675	1.675	1.675	1.675	1.675	1.675	1.675	
1.56	1.56	1.56	1.56	1.56	1.56	1.56	1.56	1.56	1.56	1.56	1.56	1.56	1.56	1.56	
1.345	1.345	1.345	1.345	1.345	1.345	1.345	1.345	1.345	1.345	1.345	1.345	1.345	1.345	1.345	
1.17	1.17	1.17	1.17	1.17	1.17	1.17	1.17	1.17	1.17	1.17	1.17	1.17	1.17	1.17	
1.105	1.105	1.105	1.105	1.105	1.105	1.105	1.105	1.105	1.105	1.105	1.105	1.105	1.105	1.105	
0.6	0.6	0.6	0.6	0.6	0.6	0.6	0.6	0.6	0.6	0.6	0.6	0.6	0.6	0.6	
0.9475	0.9475	0.9475	0.9475	0.9475	0.9475	0.9475	0.9475	0.9475	0.9475	0.9475	0.9475	0.9475	0.9475	0.9475	
0.93	0.93	0.93	0.93	0.93	0.93	0.93	0.93	0.93	0.93	0.93	0.93	0.93	0.93	0.93	
0.895	0.895	0.895	0.895	0.895	0.895	0.895	0.895	0.895	0.895	0.895	0.895	0.895	0.895	0.895	
0.8425	0.8425	0.8425	0.8425	0.8425	0.8425	0.8425	0.8425	0.8425	0.8425	0.8425	0.8425	0.8425	0.8425	0.8425	
0.8375	0.8375	0.8375	0.8375	0.8375	0.8375	0.8375	0.8375	0.8375	0.8375	0.8375	0.8375	0.8375	0.8375	0.8375	
0.78	0.78	0.78	0.78	0.78	0.78	0.78	0.78	0.78	0.78	0.78	0.78	0.78	0.78	0.78	
0.6725	0.6725	0.6725	0.6725	0.6725	0.6725	0.6725	0.6725	0.6725	0.6725	0.6725	0.6725	0.6725	0.6725	0.6725	
0.585	0.585	0.585	0.585	0.585	0.585	0.585	0.585	0.585	0.585	0.585	0.585	0.585	0.585	0.585	
0.5525	0.5525	0.5525	0.5525	0.5525	0.5525	0.5525	0.5525	0.5525	0.5525	0.5525	0.5525	0.5525	0.5525	0.5525	
0.3	0.3	0.3	0.3	0.3	0.3	0.3	0.3	0.3	0.3	0.3	0.3	0.3	0.3	0.3	
