10
15
8
46	46	46	46	46	46	46	46	46	46	46	46	46	46	46	
10
10
8	10	12	14	16	18	20	22	
0	0	0	0	0	0	0	0	
3.98	3.88	3.17	2.99	2.85	2.6	2.43	2.2	2.05	1.32	
126	87	99	78	105	70	143	144	121	134	74	64	66	106	147	
135	78	123	112	128	111	112	84	74	102	50	115	125	54	59	
115	131	113	72	70	73	86	84	106	111	107	139	96	120	61	
98	100	119	58	69	93	85	138	127	52	72	141	104	69	71	
59	145	102	99	122	108	50	137	148	106	77	70	145	141	138	
143	147	141	146	85	142	125	103	99	143	142	147	141	147	80	
70	113	93	118	69	68	132	71	77	96	78	72	71	119	142	
136	109	130	51	85	124	75	92	65	84	107	83	81	53	52	
97	53	52	79	136	68	69	101	88	98	130	60	70	63	72	
71	102	113	131	105	71	128	104	70	96	121	127	62	85	149	
200	200	200	200	200	200	200	200	200	200	200	200	200	200	200	
20	20	20	20	20	20	20	20	20	20	20	20	20	20	20	
1.6	1.6	1.6	1.6	1.6	1.6	1.6	1.6	1.6	1.6	1.6	1.6	1.6	1.6	1.6	
1.1	1.1	1.1	1.1	1.1	1.1	1.1	1.1	1.1	1.1	1.1	1.1	1.1	1.1	1.1	
10	10	10	10	10	10	10	10	10	10	10	10	10	10	10	
10	10	10	10	10	10	10	10	10	10	10	10	10	10	10	
10	10	10	10	10	10	10	10	10	10	10	10	10	10	10	
10	10	10	10	10	10	10	10	10	10	10	10	10	10	10	
10	10	10	10	10	10	10	10	10	10	10	10	10	10	10	
10	10	10	10	10	10	10	10	10	10	10	10	10	10	10	
10	10	10	10	10	10	10	10	10	10	10	10	10	10	10	
10	10	10	10	10	10	10	10	10	10	10	10	10	10	10	
1.99	1.99	1.99	1.99	1.99	1.99	1.99	1.99	1.99	1.99	1.99	1.99	1.99	1.99	1.99	
1.94	1.94	1.94	1.94	1.94	1.94	1.94	1.94	1.94	1.94	1.94	1.94	1.94	1.94	1.94	
1.585	1.585	1.585	1.585	1.585	1.585	1.585	1.585	1.585	1.585	1.585	1.585	1.585	1.585	1.585	
1.495	1.495	1.495	1.495	1.495	1.495	1.495	1.495	1.495	1.495	1.495	1.495	1.495	1.495	1.495	
1.425	1.425	1.425	1.425	1.425	1.425	1.425	1.425	1.425	1.425	1.425	1.425	1.425	1.425	1.425	
1.3	1.3	1.3	1.3	1.3	1.3	1.3	1.3	1.3	1.3	1.3	1.3	1.3	1.3	1.3	
1.215	1.215	1.215	1.215	1.215	1.215	1.215	1.215	1.215	1.215	1.215	1.215	1.215	1.215	1.215	
1.1	1.1	1.1	1.1	1.1	1.1	1.1	1.1	1.1	1.1	1.1	1.1	1.1	1.1	1.1	
1.025	1.025	1.025	1.025	1.025	1.025	1.025	1.025	1.025	1.025	1.025	1.025	1.025	1.025	1.025	
0.66	0.66	0.66	0.66	0.66	0.66	0.66	0.66	0.66	0.66	0.66	0.66	0.66	0.66	0.66	
0.995	0.995	0.995	0.995	0.995	0.995	0.995	0.995	0.995	0.995	0.995	0.995	0.995	0.995	0.995	
0.97	0.97	0.97	0.97	0.97	0.97	0.97	0.97	0.97	0.97	0.97	0.97	0.97	0.97	0.97	
0.7925	0.7925	0.7925	0.7925	0.7925	0.7925	0.7925	0.7925	0.7925	0.7925	0.7925	0.7925	0.7925	0.7925	0.7925	
0.7475	0.7475	0.7475	0.7475	0.7475	0.7475	0.7475	0.7475	0.7475	0.7475	0.7475	0.7475	0.7475	0.7475	0.7475	
0.7125	0.7125	0.7125	0.7125	0.7125	0.7125	0.7125	0.7125	0.7125	0.7125	0.7125	0.7125	0.7125	0.7125	0.7125	
0.65	0.65	0.65	0.65	0.65	0.65	0.65	0.65	0.65	0.65	0.65	0.65	0.65	0.65	0.65	
0.6075	0.6075	0.6075	0.6075	0.6075	0.6075	0.6075	0.6075	0.6075	0.6075	0.6075	0.6075	0.6075	0.6075	0.6075	
0.55	0.55	0.55	0.55	0.55	0.55	0.55	0.55	0.55	0.55	0.55	0.55	0.55	0.55	0.55	
0.5125	0.5125	0.5125	0.5125	0.5125	0.5125	0.5125	0.5125	0.5125	0.5125	0.5125	0.5125	0.5125	0.5125	0.5125	
0.33	0.33	0.33	0.33	0.33	0.33	0.33	0.33	0.33	0.33	0.33	0.33	0.33	0.33	0.33	
